20 21
30 2	0 0	0 0	0 0	0 0	0 0	0 0	0 0	0 0	0 0	0 0	0 0	0 0	0 0	0 0	0 0	0 0	0 0	0 0	30 2	
30 2	30 2	0 0	0 0	0 0	0 0	0 0	0 0	24 6	0 0	0 0	24 6	0 0	0 0	0 0	0 0	0 0	0 0	30 2	30 2	
30 2	30 10	30 2	0 0	0 0	0 0	0 0	0 0	-78 6	-78 6	-78 6	-78 6	0 0	0 0	0 0	0 0	0 0	30 2	30 10	30 2	
30 2	30 10	30 10	30 2	0 0	0 0	0 0	0 0	-78 6	3 15	3 15	-78 6	0 0	0 0	0 0	0 0	30 2	30 10	30 10	30 2	
30 2	30 10	30 2	30 10	30 2	0 0	0 0	0 0	-78 6	0 0	0 0	-78 6	0 0	0 0	0 0	30 2	30 10	30 2	30 10	30 2	
30 2	30 10	30 2	30 2	30 10	30 2	0 0	0 0	-78 6	0 0	0 0	-78 6	0 0	0 0	30 2	30 10	30 2	30 2	30 10	30 2	
30 2	30 10	30 2	30 2	30 2	30 10	30 2	-78 6	-78 6	-78 6	-78 6	-78 6	-78 6	30 2	30 10	30 2	30 2	30 2	30 10	30 2	
30 2	30 10	30 2	30 2	30 2	30 10	30 2	-78 6	-79 15	-79 15	-79 15	-79 15	-78 6	30 2	30 10	30 2	30 2	30 2	30 10	30 2	
30 2	30 10	30 2	30 2	30 2	30 10	30 2	-78 6	-79 15	-79 15	-79 15	-79 15	-78 6	30 2	30 10	30 2	30 2	30 2	30 10	30 2	
30 2	30 10	30 2	30 2	30 2	30 10	30 2	-78 6	-79 15	-79 15	-79 15	-79 15	-78 6	30 2	30 10	30 2	30 2	30 2	30 10	30 2	
30 2	30 10	30 2	30 2	30 2	30 10	30 2	-78 6	-79 15	-79 15	-79 15	-79 15	-78 6	30 2	30 10	30 2	30 2	30 2	30 10	30 2	
30 2	30 10	30 2	30 2	30 10	30 2	0 0	-78 6	-79 15	-79 15	-79 15	-79 15	-78 6	0 0	30 2	30 10	30 2	30 2	30 10	30 2	
30 2	30 10	30 2	30 10	30 2	0 0	0 0	-78 6	-79 15	-79 15	-79 15	-79 15	-78 6	0 0	0 0	30 2	30 10	30 2	30 10	30 2	
30 2	30 10	30 10	30 2	0 0	0 0	0 0	-78 6	-79 15	-79 15	-79 15	-79 15	-78 6	0 0	0 0	0 0	30 2	30 10	30 10	30 2	
30 2	30 10	30 2	0 0	0 0	0 0	0 0	-78 6	-79 15	-79 15	-79 15	-79 15	-78 6	0 0	0 0	0 0	0 0	30 2	30 10	30 2	
30 2	30 2	0 0	0 0	0 0	0 0	0 0	-78 6	-79 15	-79 15	-79 15	-79 15	-78 6	0 0	0 0	0 0	0 0	0 0	30 2	30 2	
30 2	0 0	0 0	0 0	0 0	0 0	0 0	-78 6	-78 6	-78 6	-78 6	-78 6	-78 6	0 0	0 0	0 0	0 0	0 0	0 0	30 2	
0 0	0 0	0 0	0 0	0 0	0 0	0 0	-78 6	0 0	0 0	0 0	0 0	-78 6	0 0	0 0	0 0	0 0	0 0	0 0	0 0	
0 0	0 0	0 0	0 0	0 0	0 0	-78 6	-78 6	0 0	0 0	0 0	0 0	-78 6	-78 6	0 0	0 0	0 0	0 0	0 0	0 0	
0 0	0 0	0 0	0 0	0 0	-78 6	-78 6	0 0	0 0	0 0	0 0	0 0	0 0	-78 6	-78 6	0 0	0 0	0 0	0 0	0 0	
0 0	0 0	0 0	0 0	-78 6	-78 6	0 0	0 0	0 0	0 0	0 0	0 0	0 0	0 0	-78 6	-78 6	0 0	0 0	0 0	0 0	
