12 9
0 0	0 0	0 0	0 0	0 0	0 0	0 0	0 0	-77 13	92 13	47 13	-77 13	
7 4	0 0	0 0	0 0	0 0	0 0	0 0	0 0	-77 13	7 15	0 0	-77 13	
0 0	7 4	0 0	0 0	0 0	0 0	0 0	0 0	47 13	0 0	7 15	62 13	
0 0	0 0	7 4	95 13	95 13	95 13	95 13	47 13	0 0	47 13	0 0	0 0	
0 0	0 0	-77 13	0 0	0 0	0 0	0 0	0 0	-77 13	0 0	0 0	0 0	
0 0	0 0	-77 13	95 13	95 13	95 13	95 13	0 0	-77 13	0 0	0 0	0 0	
0 0	0 0	47 13	47 13	-77 13	0 0	0 0	-77 13	92 13	92 13	0 0	0 0	
0 0	47 13	47 13	-77 13	-77 13	0 0	0 0	-77 13	-77 13	92 13	92 13	0 0	
0 0	7 15	0 0	7 15	7 15	0 0	0 0	7 15	7 15	0 0	7 15	0 0	
