13 14
0 0	95 12	0 0	0 0	0 0	0 0	0 0	0 0	0 0	0 0	0 0	95 12	0 0	
92 12	0 0	92 12	0 0	0 0	0 0	0 0	0 0	0 0	0 0	47 12	0 0	47 12	
0 0	92 12	0 0	92 12	0 0	0 0	0 0	0 0	0 0	47 12	0 0	47 12	0 0	
0 0	0 0	92 12	95 15	92 12	95 15	95 15	95 15	47 12	95 15	47 12	0 0	0 0	
0 0	0 0	-77 15	0 0	0 0	0 0	0 0	0 0	0 0	0 0	-77 15	0 0	0 0	
0 0	0 0	-77 15	0 0	30 12	0 0	0 0	0 0	30 12	0 0	-77 15	0 0	0 0	
0 0	0 0	-77 15	0 0	31 12	0 0	0 0	0 0	31 12	0 0	-77 15	0 0	0 0	
0 0	0 0	-77 15	0 0	0 0	0 0	60 12	0 0	0 0	0 0	-77 15	0 0	0 0	
0 0	0 0	-77 15	45 15	45 15	45 15	45 15	45 15	45 15	45 15	-77 15	0 0	0 0	
0 0	0 0	0 0	92 15	0 0	0 0	0 0	0 0	0 0	47 15	0 0	0 0	0 0	
0 0	0 0	0 0	0 0	-77 15	0 0	0 0	0 0	0 0	-77 15	0 0	0 0	0 0	
0 0	0 0	0 0	0 0	92 15	0 0	0 0	0 0	0 0	47 15	0 0	0 0	0 0	
0 0	0 0	0 0	0 0	0 0	-77 15	0 0	0 0	-77 15	0 0	0 0	0 0	0 0	
0 0	0 0	0 0	0 0	0 0	0 0	92 15	47 15	0 0	0 0	0 0	0 0	0 0	
