61 23
0 0	0 0	0 0	0 0	0 0	0 255	0 255	0 255	0 255	0 255	0 255	0 255	0 255	0 255	0 255	0 255	0 255	0 255	0 255	0 255	0 0	0 0	0 0	0 0	0 0	0 0	0 0	0 0	0 0	0 0	0 0	0 0	0 0	0 0	0 0	0 255	0 255	0 255	0 255	0 255	0 255	0 255	0 255	0 255	0 255	0 255	0 255	0 255	0 255	0 255	0 255	0 255	0 0	0 0	0 0	0 0	0 0	0 0	0 0	0 0	0 0	
0 0	0 0	0 0	0 0	0 0	0 255	-79 15	-79 15	-79 15	-79 15	-79 15	-79 15	-79 15	-79 15	-79 15	-79 15	-79 15	-79 15	-79 15	0 255	0 0	0 0	0 0	0 0	0 0	0 0	0 0	0 0	0 0	0 0	0 0	0 0	0 0	0 0	0 0	0 255	-79 15	-79 15	-79 15	-79 15	-79 15	-79 15	-79 15	-79 15	-79 15	-79 15	-79 15	-79 15	-79 15	-79 15	-79 15	0 255	0 0	0 0	0 0	0 0	0 0	0 0	0 0	0 0	0 0	
0 0	0 0	0 0	0 0	0 0	0 255	-79 15	-79 15	-79 15	-79 15	-79 15	-79 15	-79 15	-79 15	-79 15	-79 15	-79 15	-79 15	-79 15	0 255	0 0	0 0	0 0	0 0	0 0	0 0	0 0	0 0	0 0	0 0	0 0	0 0	0 0	0 0	0 0	0 255	-79 15	-79 15	-79 15	-79 15	-79 15	-79 15	-79 15	-79 15	-79 15	-79 15	-79 15	-79 15	-79 15	-79 15	-79 15	0 255	0 0	0 0	0 0	0 0	0 0	0 0	0 0	0 0	0 0	
0 0	0 0	0 0	0 0	0 0	0 255	0 255	0 255	0 255	0 255	0 255	-79 15	-79 15	-79 15	0 255	0 255	0 255	0 255	0 255	0 255	0 0	0 0	0 0	0 0	0 0	0 0	0 0	0 0	0 0	0 0	0 0	0 0	0 0	0 0	0 0	0 255	0 255	0 255	0 255	0 255	0 255	0 255	-79 15	-79 15	-79 15	0 255	0 255	0 255	0 255	0 255	0 255	0 255	0 0	0 0	0 0	0 0	0 0	0 0	0 0	0 0	0 0	
0 0	0 0	0 0	0 0	0 0	0 0	0 0	0 0	0 0	0 0	0 255	-79 15	-79 15	-79 15	0 255	0 0	0 0	0 0	0 0	0 0	0 0	0 0	0 0	0 0	0 0	0 0	0 0	0 0	0 0	0 0	0 0	0 0	0 0	0 0	0 0	0 0	0 0	0 0	0 0	0 0	0 0	0 255	-79 15	-79 15	-79 15	0 255	0 0	0 0	0 0	0 0	0 0	0 0	0 0	0 0	0 0	0 0	0 0	0 0	0 0	0 0	0 0	
0 15	0 0	0 0	0 0	0 0	0 0	0 0	0 0	0 0	0 0	0 255	-79 15	-79 15	-79 15	0 255	0 0	0 0	0 0	0 0	0 0	0 255	0 255	0 255	0 255	0 0	0 0	0 0	0 0	0 0	0 0	0 0	0 255	0 255	0 255	0 255	0 0	0 0	0 0	0 0	0 0	0 0	0 255	-79 15	-79 15	-79 15	0 255	0 255	0 255	0 255	0 0	0 0	0 0	0 0	0 0	0 0	0 0	0 0	0 255	0 255	0 255	0 255	
0 0	0 0	0 0	0 0	0 0	0 0	0 0	0 0	0 0	0 0	0 255	-79 15	-79 15	-79 15	0 255	0 0	0 0	0 0	0 0	0 0	0 255	-79 15	-79 15	-79 15	0 255	0 0	0 0	0 0	0 0	0 0	0 255	-79 15	-79 15	-79 15	0 255	0 0	0 0	0 0	0 0	0 0	0 0	0 255	-79 15	-79 15	-79 15	0 255	0 255	-79 15	-79 15	0 255	0 0	0 0	0 0	0 0	0 0	0 0	0 255	-79 15	-79 15	-79 15	0 255	
0 0	0 0	0 0	0 0	0 0	0 0	0 0	0 0	0 0	0 0	0 255	-79 15	-79 15	-79 15	0 255	0 0	0 0	0 0	0 0	0 0	0 0	0 255	-79 15	-79 15	-79 15	0 255	0 0	0 0	0 0	0 255	-79 15	-79 15	-79 15	0 247	0 0	0 0	0 0	0 0	0 0	0 0	0 0	0 255	-79 15	-79 15	-79 15	0 255	0 255	-79 15	-79 15	-79 15	0 255	0 0	0 0	0 0	0 0	0 255	-79 15	-79 15	-79 15	0 255	0 0	
0 0	0 0	0 0	0 0	0 0	0 0	0 0	0 0	0 0	0 0	0 255	-79 15	-79 15	-79 15	0 255	0 0	0 0	0 0	0 0	0 0	0 0	0 0	0 255	-79 15	-79 15	-79 15	0 255	0 0	0 255	-79 15	-79 15	-79 15	0 255	0 0	0 0	0 0	0 0	0 0	0 0	0 0	0 0	0 255	-79 15	-79 15	-79 15	0 255	0 0	0 255	-79 15	-79 15	-79 15	0 255	0 0	0 0	0 255	-79 15	-79 15	-79 15	0 255	0 0	0 0	
0 0	0 0	0 0	0 0	0 0	0 0	0 0	0 0	0 0	0 0	0 255	-79 15	-79 15	-79 15	0 255	0 255	0 255	0 255	0 255	0 255	0 255	0 255	0 0	0 255	-79 15	-79 15	-79 15	0 255	-79 15	-79 15	-79 15	0 255	0 0	0 0	0 0	0 0	0 0	0 0	0 0	0 0	0 0	0 255	-79 15	-79 15	-79 15	0 255	0 0	0 0	0 255	-79 15	-79 15	-79 15	0 255	0 255	-79 15	-79 15	-79 15	0 255	0 0	0 0	0 0	
0 0	0 0	0 0	0 0	0 0	0 0	0 0	0 0	0 0	0 0	0 255	-79 15	-79 15	-79 15	0 255	-79 15	-79 15	-79 15	-79 15	-79 15	-79 15	0 255	0 0	0 0	0 255	-79 15	-79 15	-79 15	-79 15	-79 15	0 255	0 0	0 0	0 0	0 0	0 0	0 0	0 0	0 0	0 0	0 0	0 255	-79 15	-79 15	-79 15	0 255	0 0	0 0	0 0	0 255	-79 15	-79 15	-79 15	-79 15	-79 15	-79 15	0 255	0 0	0 0	0 0	0 0	
0 0	0 0	0 0	0 0	0 0	0 0	0 0	0 0	0 0	0 0	0 255	-79 15	-79 15	-79 15	0 255	-79 15	-79 15	-79 15	-79 15	-79 15	-79 15	0 255	0 0	0 0	0 0	0 255	-79 15	-79 15	-79 15	0 255	0 0	0 0	0 0	0 0	0 0	0 0	0 0	0 0	0 0	0 0	0 0	0 255	-79 15	-79 15	-79 15	0 255	0 0	0 0	0 0	0 0	0 255	-79 15	-79 15	-79 15	-79 15	0 255	0 0	0 0	0 0	0 0	0 0	
0 0	0 0	0 0	0 0	0 0	0 0	0 0	0 0	0 0	0 0	0 255	-79 15	-79 15	-79 15	0 255	-79 15	-79 15	-79 15	0 255	0 255	0 255	0 255	0 0	0 0	0 0	0 255	-79 15	-79 15	-79 15	-79 15	0 255	0 0	0 0	0 0	0 0	0 0	0 0	0 0	0 0	0 0	0 0	0 255	-79 15	-79 15	-79 15	0 255	0 0	0 0	0 0	0 255	-79 15	-79 15	-79 15	-79 15	0 255	0 0	0 0	0 0	0 0	0 0	0 0	
0 0	0 0	0 0	0 0	0 0	0 0	0 0	0 0	0 0	0 0	0 255	-79 15	-79 15	-79 15	0 255	-79 15	-79 15	-79 15	0 255	0 0	0 0	0 0	0 0	0 0	0 255	-79 15	-79 15	-79 15	-79 15	-79 15	-79 15	0 255	0 0	0 0	0 0	0 0	0 0	0 0	0 0	0 0	0 0	0 255	-79 15	-79 15	-79 15	0 255	0 0	0 0	0 255	-79 15	-79 15	-79 15	-79 15	0 255	0 0	0 0	0 0	0 0	0 0	0 0	0 0	
0 0	0 0	0 0	0 0	0 0	0 0	0 0	0 0	0 0	0 0	0 255	0 255	0 255	0 255	0 255	-79 15	-79 15	-79 15	0 247	0 255	0 255	0 255	0 255	0 255	-79 15	-79 15	-79 15	0 255	-79 15	-79 15	-79 15	-79 15	0 255	0 0	0 0	0 0	0 0	0 0	0 0	0 0	0 0	0 255	0 255	0 255	0 255	0 255	0 0	0 255	-79 15	-79 15	-79 15	-79 15	0 255	0 0	0 0	0 0	0 0	0 0	0 0	0 0	0 0	
0 0	0 0	0 0	0 0	0 0	0 0	0 0	0 0	0 0	0 0	0 0	0 255	-79 15	-79 15	-79 15	-79 15	-79 15	-79 15	-79 15	-79 15	-79 15	-79 15	0 255	-79 15	-79 15	-79 15	0 255	0 0	0 255	-79 15	-79 15	-79 15	-79 15	0 255	0 0	0 0	0 0	0 0	0 0	0 0	0 0	0 0	0 0	0 0	0 0	0 0	0 255	-79 15	-79 15	-79 15	-79 15	0 255	0 0	0 0	0 0	0 0	0 0	0 0	0 0	0 0	0 0	
0 0	0 0	0 0	0 0	0 0	0 0	0 0	0 0	0 0	0 0	0 0	0 255	-79 15	-79 15	-79 15	-79 15	-79 15	0 255	0 255	0 255	0 255	0 255	0 255	-79 15	-79 15	0 255	0 0	0 0	0 0	0 255	-79 15	-79 15	-79 15	-79 15	0 255	0 0	0 0	0 0	0 0	0 0	0 0	0 0	0 0	0 0	0 0	0 255	-79 15	-79 15	-79 15	-79 15	0 255	0 0	0 0	0 0	0 0	0 0	0 0	0 0	0 0	0 0	0 0	
0 0	0 0	0 0	0 0	0 0	0 0	0 0	0 0	0 0	0 0	0 0	0 255	-79 15	-79 15	-79 15	-79 15	-79 15	0 255	0 0	0 0	0 0	0 0	0 0	0 247	0 255	0 0	0 0	0 0	0 0	0 0	0 255	-79 15	-79 15	-79 15	-79 15	0 255	0 0	0 0	0 0	0 0	0 0	0 0	0 0	0 0	0 255	-79 15	-79 15	-79 15	-79 15	0 255	0 0	0 0	0 0	0 0	0 0	0 0	0 0	0 0	0 0	0 0	0 0	
0 0	0 0	0 0	0 0	0 0	0 0	0 0	0 0	0 0	0 0	0 0	0 255	-79 15	-79 15	-79 15	-79 15	-79 15	0 255	0 255	0 255	0 255	0 255	0 255	0 255	0 0	0 0	0 0	0 0	0 0	0 0	0 0	0 255	-79 15	-79 15	-79 15	-79 15	0 255	0 0	0 0	0 0	0 0	0 0	0 0	0 255	-79 15	-79 15	-79 15	-79 15	0 255	0 0	0 0	0 0	0 0	0 0	0 0	0 0	0 0	0 0	0 0	0 0	0 0	
0 0	0 0	0 0	0 0	0 0	0 0	0 0	0 0	0 0	0 0	0 0	0 255	-79 15	-79 15	-79 15	-79 15	-79 15	-79 15	-79 15	-79 15	-79 15	-79 15	-79 15	0 255	0 0	0 0	0 0	0 0	0 0	0 0	0 0	0 0	0 255	0 255	0 255	0 255	0 255	0 0	0 0	0 0	0 0	0 0	0 0	0 0	0 255	0 255	0 255	0 255	0 0	0 0	0 0	0 0	0 0	0 0	0 0	0 0	0 0	0 0	0 0	0 0	0 0	
0 0	0 0	0 0	0 0	0 0	0 0	0 0	0 0	0 0	0 0	0 0	0 255	-79 15	-79 15	-79 15	-79 15	-79 15	-79 15	-79 15	-79 15	-79 15	-79 15	-79 15	0 255	0 0	0 0	0 0	0 0	0 0	0 0	0 0	0 0	0 0	0 0	0 0	0 0	0 0	0 0	0 0	0 0	0 0	0 0	0 0	0 0	0 0	0 0	0 0	0 0	0 0	0 0	0 0	0 0	0 0	0 0	0 0	0 0	0 0	0 0	0 0	0 0	0 0	
0 0	0 0	0 0	0 0	0 0	0 0	0 0	0 0	0 0	0 0	0 0	0 255	-79 15	-79 15	-79 15	-79 15	-79 15	-79 15	-79 15	-79 15	-79 15	-79 15	-79 15	0 255	0 0	0 0	0 0	0 0	0 0	0 0	0 0	0 0	0 0	0 0	0 0	0 0	0 0	0 0	0 0	0 0	0 0	0 0	0 0	0 0	0 0	0 0	0 0	0 0	0 0	0 0	0 0	0 0	0 0	0 0	0 0	0 0	0 0	0 0	0 0	0 0	0 0	
0 0	0 0	0 0	0 0	0 0	0 0	0 0	0 0	0 0	0 0	0 0	0 255	0 255	0 255	0 255	0 255	0 255	0 255	0 255	0 255	0 255	0 255	0 255	0 255	0 0	0 0	0 0	0 0	0 0	0 0	0 0	0 0	0 0	0 0	0 0	0 0	0 0	0 0	0 0	0 0	0 0	0 0	0 0	0 0	0 0	0 0	0 0	0 0	0 0	0 0	0 0	0 0	0 0	0 0	0 0	0 0	0 0	0 0	0 0	0 0	0 0	
