29 13
0 0	0 0	0 0	0 0	0 0	0 0	0 0	0 0	0 0	0 0	0 0	0 0	0 0	0 0	0 0	0 0	0 0	0 0	0 0	0 0	0 0	0 0	0 0	94 15	94 15	94 15	94 15	94 15	0 0	
0 0	0 0	0 0	0 0	0 0	0 0	0 0	0 0	0 0	0 0	0 0	0 0	0 0	0 0	0 0	0 0	0 0	0 0	0 0	0 0	0 0	0 0	47 15	0 0	0 0	0 0	0 0	7 3	92 15	
0 0	0 0	0 0	0 0	0 0	0 0	0 0	0 0	0 0	0 0	0 0	0 0	0 0	0 0	0 0	0 0	0 0	0 0	0 0	0 0	0 0	47 15	0 0	0 0	0 0	0 0	0 0	0 0	47 15	
0 0	0 0	0 0	0 0	0 0	0 0	0 0	0 0	0 0	0 0	0 0	0 0	0 0	0 0	0 0	0 0	0 0	0 0	0 0	0 0	47 15	0 0	0 0	0 0	0 0	0 0	0 0	0 0	92 15	
0 0	0 0	0 0	0 0	0 0	0 0	0 0	0 0	0 0	0 0	0 0	0 0	0 0	0 0	0 0	0 0	0 0	0 0	0 0	47 15	0 0	0 0	0 0	95 15	95 15	95 15	95 15	95 15	47 15	
0 0	0 0	0 0	0 0	95 15	95 15	95 15	95 15	95 15	95 15	95 15	95 15	95 15	95 15	95 15	95 15	95 15	95 15	47 15	0 0	0 0	0 0	47 15	0 0	0 0	0 0	0 0	0 0	0 0	
0 0	0 0	0 0	47 15	92 15	0 0	92 15	47 15	92 15	47 15	92 15	47 15	92 15	47 15	92 15	47 15	92 15	0 0	0 0	92 15	0 0	47 15	0 0	0 0	0 0	0 0	0 0	0 0	0 0	
0 0	0 0	47 15	0 0	47 15	92 15	47 15	92 15	47 15	92 15	47 15	92 15	47 15	92 15	47 15	92 15	47 15	92 15	0 0	0 0	92 15	0 0	0 0	0 0	0 0	0 0	0 0	0 0	0 0	
0 0	47 15	0 0	0 0	0 0	47 15	92 15	47 15	92 15	47 15	92 15	47 15	92 15	47 15	92 15	47 15	92 15	0 0	92 15	0 0	0 0	92 15	0 0	0 0	0 0	0 0	0 0	0 0	0 0	
47 15	95 15	95 15	95 15	95 15	95 15	95 15	95 15	95 15	95 15	95 15	95 15	95 15	95 15	95 15	95 15	95 15	95 15	95 15	95 15	95 15	95 15	92 15	0 0	0 0	0 0	0 0	0 0	0 0	
0 0	0 0	0 0	-77 15	-77 15	-77 15	0 0	0 0	0 0	0 0	0 0	0 0	0 0	0 0	0 0	0 0	-77 15	-77 15	-77 15	0 0	0 0	0 0	0 0	0 0	0 0	0 0	0 0	0 0	0 0	
0 0	0 0	0 0	-77 15	-77 15	-77 15	95 15	0 0	0 0	0 0	0 0	0 0	0 0	0 0	0 0	0 0	-77 15	-77 15	-77 15	95 15	0 0	0 0	0 0	0 0	0 0	0 0	0 0	0 0	0 0	
0 0	0 0	0 0	-77 15	-77 15	95 15	47 15	0 0	0 0	0 0	0 0	0 0	0 0	0 0	0 0	0 0	-77 15	-77 15	95 15	47 15	0 0	0 0	0 0	0 0	0 0	0 0	0 0	0 0	0 0	
