23 29
0 0	0 0	0 0	0 0	0 0	0 0	0 0	0 0	0 0	-80 15	0 0	0 0	0 0	-80 15	0 0	0 0	0 0	0 0	0 0	0 0	0 0	0 0	0 0	
0 0	0 0	0 0	0 0	0 0	0 0	0 0	0 0	-80 15	-80 15	-80 15	0 0	-80 15	-80 15	-80 15	0 0	0 0	0 0	0 0	0 0	0 0	0 0	0 0	
0 0	0 0	0 0	0 0	0 0	0 0	0 0	0 0	-80 15	-80 15	-80 15	-80 15	-80 15	-80 15	-80 15	0 0	0 0	0 0	0 0	0 0	0 0	0 0	0 0	
0 0	0 0	0 0	0 0	0 0	0 0	0 0	0 0	-80 15	-80 15	7 12	-80 15	7 12	-80 15	-80 15	0 0	0 0	0 0	0 0	0 0	0 0	0 0	0 0	
0 0	0 0	0 0	0 0	0 0	0 0	0 0	0 0	-80 15	-80 15	-80 15	-80 15	-80 15	-80 15	-80 15	0 0	0 0	0 0	0 0	0 0	0 0	0 0	0 0	
0 0	0 0	0 0	0 0	0 0	0 0	0 0	0 0	-80 15	-80 15	-80 15	-80 15	-80 15	-80 15	-80 15	0 0	0 0	0 0	0 0	0 0	0 0	0 0	0 0	
0 0	0 0	0 0	0 0	0 0	0 0	0 0	0 0	-80 15	-80 15	45 12	45 12	45 12	-80 15	-80 15	0 0	0 0	0 0	0 0	0 0	0 0	0 0	0 0	
0 0	0 0	0 0	0 0	0 0	0 0	0 0	0 0	-80 15	-80 15	-80 15	-80 15	-80 15	-80 15	-80 15	0 0	0 0	0 0	0 0	0 0	0 0	0 0	0 0	
0 0	0 0	0 0	0 0	0 0	0 0	0 0	-80 15	-80 15	-80 15	-80 15	-80 15	-80 15	-80 15	-80 15	-80 15	0 0	0 0	0 0	0 0	0 0	0 0	0 0	
0 0	0 0	0 0	0 0	0 0	0 0	-80 15	-80 15	-80 15	-80 15	-80 15	-80 15	-80 15	-80 15	-80 15	-80 15	-80 15	0 0	0 0	0 0	0 0	0 0	0 0	
0 0	0 0	0 0	0 0	0 0	0 0	-80 15	-80 15	-80 15	-80 15	-80 15	-80 15	-80 15	-80 15	-80 15	-80 15	-80 15	0 0	0 0	0 0	0 0	0 0	0 0	
0 0	0 0	-80 15	-80 15	-80 15	-80 15	-80 15	-80 15	-80 15	-80 15	-80 15	-80 15	-80 15	-80 15	-80 15	-80 15	-80 15	-80 15	-80 15	-80 15	-80 15	0 0	0 0	
0 0	-80 15	-80 15	-80 15	-80 15	-80 15	-80 15	-80 15	-80 15	-80 15	-80 15	-80 15	-80 15	-80 15	-80 15	-80 15	-80 15	-80 15	-80 15	-80 15	-80 15	-80 15	0 0	
-80 15	-80 15	-80 15	0 0	0 0	0 0	-80 15	-80 15	-80 15	-80 15	-80 15	-80 15	-80 15	-80 15	-80 15	-80 15	-80 15	0 0	0 0	0 0	-80 15	-80 15	-80 15	
-80 15	-80 15	0 0	0 0	0 0	0 0	-80 15	-80 15	-80 15	-80 15	-80 15	-80 15	-80 15	-80 15	-80 15	-80 15	-80 15	0 0	0 0	0 0	0 0	-80 15	-80 15	
0 0	0 0	0 0	0 0	0 0	0 0	-80 15	-80 15	-80 15	-80 15	-80 15	-80 15	-80 15	-80 15	-80 15	-80 15	-80 15	0 0	0 0	0 0	0 0	0 0	0 0	
0 0	0 0	0 0	0 0	0 0	0 0	-80 15	-80 15	-80 15	-80 15	-80 15	-80 15	-80 15	-80 15	-80 15	-80 15	-80 15	0 0	0 0	0 0	0 0	0 0	0 0	
0 0	0 0	0 0	0 0	0 0	0 0	-80 15	-80 15	-80 15	-80 15	-80 15	-80 15	-80 15	-80 15	-80 15	-80 15	-80 15	0 0	0 0	0 0	0 0	0 0	0 0	
0 0	0 0	0 0	0 0	0 0	0 0	0 0	-80 15	-80 15	-80 15	-80 15	-80 15	-80 15	-80 15	-80 15	-80 15	0 0	0 0	0 0	0 0	0 0	0 0	0 0	
0 0	0 0	0 0	0 0	0 0	0 0	0 0	0 0	-80 15	-80 15	0 0	0 0	0 0	-80 15	-80 15	0 0	0 0	0 0	0 0	0 0	0 0	0 0	0 0	
0 0	0 0	0 0	0 0	0 0	0 0	0 0	0 0	-80 15	-80 15	0 0	0 0	0 0	-80 15	-80 15	0 0	0 0	0 0	0 0	0 0	0 0	0 0	0 0	
0 0	0 0	0 0	0 0	0 0	0 0	0 0	0 0	-80 15	-80 15	0 0	0 0	0 0	-80 15	-80 15	0 0	0 0	0 0	0 0	0 0	0 0	0 0	0 0	
0 0	0 0	0 0	0 0	0 0	0 0	0 0	0 0	-80 15	-80 15	0 0	0 0	0 0	-80 15	-80 15	0 0	0 0	0 0	0 0	0 0	0 0	0 0	0 0	
0 0	0 0	0 0	0 0	0 0	0 0	0 0	0 0	-80 15	-80 15	0 0	0 0	0 0	-80 15	-80 15	0 0	0 0	0 0	0 0	0 0	0 0	0 0	0 0	
0 0	0 0	0 0	0 0	0 0	0 0	0 0	0 0	-80 15	-80 15	0 0	0 0	0 0	-80 15	-80 15	0 0	0 0	0 0	0 0	0 0	0 0	0 0	0 0	
0 0	0 0	0 0	0 0	0 0	0 0	0 0	0 0	-80 15	-80 15	0 0	0 0	0 0	-80 15	-80 15	0 0	0 0	0 0	0 0	0 0	0 0	0 0	0 0	
0 0	0 0	0 0	0 0	0 0	0 0	0 0	-80 15	-80 15	-80 15	0 0	0 0	0 0	-80 15	-80 15	-80 15	0 0	0 0	0 0	0 0	0 0	0 0	0 0	
0 0	0 0	0 0	0 0	0 0	0 0	-80 15	-80 15	-80 15	0 0	0 0	0 0	0 0	0 0	-80 15	-80 15	-80 15	0 0	0 0	0 0	0 0	0 0	0 0	
0 0	0 0	0 0	0 0	0 0	0 0	-80 15	-80 15	0 0	0 0	0 0	0 0	0 0	0 0	0 0	-80 15	-80 15	0 0	0 0	0 0	0 0	0 0	0 0	
